grades                                                                                                                                                                                                                 
80                                                                                                                                                                                                                     
79                                                                                                                                                                                                                     
89                                                                                                                                                                                                                     
74                                                                                                                                                                                                                     
73                                                                                                                                                                                                                     
67                                                                                                                                                                                                                     
79                                                                                                                                                                                                                     
93                                                                                                                                                                                                                     
70                                                                                                                                                                                                                     
70                                                                                                                                                                                                                     
76                                                                                                                                                                                                                     
88                                                                                                                                                                                                                     
83                                                                                                                                                                                                                     
73                                                                                                                                                                                                                     
81                                                                                                                                                                                                                     
79                                                                                                                                                                                                                     
80                                                                                                                                                                                                                     
85                                                                                                                                                                                                                     
79                                                                                                                                                                                                                     
80                                                                                                                                                                                                                     
79                                                                                                                                                                                                                     
58                                                                                                                                                                                                                     
93                                                                                                                                                                                                                     
94                                                                                                                                                                                                                     
74                                                                                                                                                                                                                     
