Speed                                                                                                                                                                                                                  
299883                                                                                                                                                                                                                 
299816                                                                                                                                                                                                                 
299778                                                                                                                                                                                                                 
299796                                                                                                                                                                                                                 
299682                                                                                                                                                                                                                 
299711                                                                                                                                                                                                                 
299611                                                                                                                                                                                                                 
299599                                                                                                                                                                                                                 
300051                                                                                                                                                                                                                 
299781                                                                                                                                                                                                                 
299578                                                                                                                                                                                                                 
299796                                                                                                                                                                                                                 
299774                                                                                                                                                                                                                 
299820                                                                                                                                                                                                                 
299772                                                                                                                                                                                                                 
299696                                                                                                                                                                                                                 
299573                                                                                                                                                                                                                 
299748                                                                                                                                                                                                                 
299748                                                                                                                                                                                                                 
299797                                                                                                                                                                                                                 
299851                                                                                                                                                                                                                 
299809                                                                                                                                                                                                                 
299723                                                                                                                                                                                                                 
