life                                                                                                                                                                                                                   
82                                                                                                                                                                                                                     
71                                                                                                                                                                                                                     
80                                                                                                                                                                                                                     
77                                                                                                                                                                                                                     
81                                                                                                                                                                                                                     
82                                                                                                                                                                                                                     
69                                                                                                                                                                                                                     
74                                                                                                                                                                                                                     
76                                                                                                                                                                                                                     
81                                                                                                                                                                                                                     
81                                                                                                                                                                                                                     
76                                                                                                                                                                                                                     
80                                                                                                                                                                                                                     
82                                                                                                                                                                                                                     
82                                                                                                                                                                                                                     
83                                                                                                                                                                                                                     
68                                                                                                                                                                                                                     
75                                                                                                                                                                                                                     
71                                                                                                                                                                                                                     
68                                                                                                                                                                                                                     
