YearCPI  
194737.5 
194840.5 
194940   
195040.5 
195143.7 
195244.5 
195344.8 
195445.2 
195545   
195645.7 
195747.2 
195848.5 
195948.9 
196049.7 
196150.2 
196250.7 
196351.4 
196452.1 
196552.9 
196654.4 
196756.1 
196858.3 
196960.9 
197063.9 
197166.7 
197268.7 
197373   
197480.3 
197586.9 
197691.9 
197797.7 
1978104.4
1979114.4
1980127.1
1981139.2
1982147.6
1983153.9
1984160.2
1985165.7
1986168.7
1987174.4
1988180.8
1989188.6
1990198  
1991205.1
1992210.3
1993215.5
1994220.1
1995225.4
1996231.4
1997236.4
1998239.7
1999244.7
2000252.9
2001260  
2002264.2
2003270.1
2004277.4
2005286.7
2006296.1
2007304.5
2008316.2
2009315  
2010320.2
2011330.3
