Rent                                                                                                                                                                                                                                                           
1500                                                                                                                                                                                                                                                           
1350                                                                                                                                                                                                                                                           
350                                                                                                                                                                                                                                                            
1200                                                                                                                                                                                                                                                           
850                                                                                                                                                                                                                                                            
900                                                                                                                                                                                                                                                            
1500                                                                                                                                                                                                                                                           
1150                                                                                                                                                                                                                                                           
1500                                                                                                                                                                                                                                                           
900                                                                                                                                                                                                                                                            
1400                                                                                                                                                                                                                                                           
1100                                                                                                                                                                                                                                                           
1250                                                                                                                                                                                                                                                           
600                                                                                                                                                                                                                                                            
610                                                                                                                                                                                                                                                            
960                                                                                                                                                                                                                                                            
890                                                                                                                                                                                                                                                            
1325                                                                                                                                                                                                                                                           
900                                                                                                                                                                                                                                                            
800                                                                                                                                                                                                                                                            
2550                                                                                                                                                                                                                                                           
495                                                                                                                                                                                                                                                            
1200                                                                                                                                                                                                                                                           
690                                                                                                                                                                                                                                                            
